1 1 2 0.0001
1 2 90 0.0001
1 3 41 0.0001
1 4 70 0.0001
1 5 55 0.0001
1 6 43 0.0001
1 7 22 0.0001
1 8 32 0.0001
1 9 23 0.0001
1 10 35 0.0001
1 11 24 0.0001
1 12 60 0.0001
1 13 24 0.0001
1 14 79 0.0001
1 15 36 0.0001
1 16 85 0.0001
1 17 86 0.0001
1 18 5 0.0001
1 19 81 0.0001
2 1 40 0.0001
2 2 1 0.0001
2 3 93 0.0001
2 4 22 0.0001
2 5 67 0.0001
2 6 2 0.0001
2 7 10 0.0001
2 8 26 0.0001
2 9 86 0.0001
2 10 10 0.0001
2 11 15 0.0001
2 12 76 0.0001
2 13 81 0.0001
2 14 81 0.0001
2 15 69 0.0001
2 16 94 0.0001
2 17 67 0.0001
2 18 9 0.0001
2 19 49 0.0001
3 1 29 0.0001
3 2 50 0.0001
3 3 42 0.0001
3 4 76 0.0001
3 5 61 0.0001
3 6 80 0.0001
3 7 100 0.0001
3 8 38 0.0001
3 9 95 0.0001
3 10 100 0.0001
3 11 54 0.0001
3 12 76 0.0001
3 13 22 0.0001
3 14 92 0.0001
3 15 48 0.0001
3 16 77 0.0001
3 17 22 0.0001
3 18 31 0.0001
3 19 37 0.0001
4 1 46 0.0001
4 2 22 0.0001
4 3 63 0.0001
4 4 99 0.0001
4 5 68 0.0001
4 6 80 0.0001
4 7 59 0.0001
4 8 64 0.0001
4 9 55 0.0001
4 10 28 0.0001
4 11 12 0.0001
4 12 58 0.0001
4 13 95 0.0001
4 14 3 0.0001
4 15 17 0.0001
4 16 59 0.0001
4 17 96 0.0001
4 18 61 0.0001
4 19 44 0.0001
5 1 100 0.0001
5 2 26 0.0001
5 3 8 0.0001
5 4 94 0.0001
5 5 88 0.0001
5 6 96 0.0001
5 7 68 0.0001
5 8 4 0.0001
5 9 2 0.0001
5 10 15 0.0001
5 11 10 0.0001
5 12 34 0.0001
5 13 43 0.0001
5 14 91 0.0001
5 15 14 0.0001
5 16 68 0.0001
5 17 28 0.0001
5 18 50 0.0001
5 19 97 0.0001
6 1 86 0.0001
6 2 54 0.0001
6 3 61 0.0001
6 4 75 0.0001
6 5 32 0.0001
6 6 60 0.0001
6 7 89 0.0001
6 8 84 0.0001
6 9 58 0.0001
6 10 18 0.0001
6 11 37 0.0001
6 12 75 0.0001
6 13 82 0.0001
6 14 79 0.0001
6 15 67 0.0001
6 16 11 0.0001
6 17 48 0.0001
6 18 9 0.0001
6 19 22 0.0001
7 1 45 0.0001
7 2 38 0.0001
7 3 79 0.0001
7 4 6 0.0001
7 5 15 0.0001
7 6 91 0.0001
7 7 30 0.0001
7 8 61 0.0001
7 9 39 0.0001
7 10 7 0.0001
7 11 58 0.0001
7 12 54 0.0001
7 13 92 0.0001
7 14 14 0.0001
7 15 2 0.0001
7 16 61 0.0001
7 17 53 0.0001
7 18 75 0.0001
7 19 64 0.0001
8 1 74 0.0001
8 2 38 0.0001
8 3 48 0.0001
8 4 85 0.0001
8 5 54 0.0001
8 6 39 0.0001
8 7 62 0.0001
8 8 90 0.0001
8 9 3 0.0001
8 10 91 0.0001
8 11 70 0.0001
8 12 92 0.0001
8 13 59 0.0001
8 14 30 0.0001
8 15 80 0.0001
8 16 77 0.0001
8 17 94 0.0001
8 18 3 0.0001
8 19 16 0.0001
9 1 32 0.0001
9 2 61 0.0001
9 3 8 0.0001
9 4 71 0.0001
9 5 43 0.0001
9 6 34 0.0001
9 7 69 0.0001
9 8 89 0.0001
9 9 55 0.0001
9 10 3 0.0001
9 11 79 0.0001
9 12 76 0.0001
9 13 93 0.0001
9 14 3 0.0001
9 15 53 0.0001
9 16 41 0.0001
9 17 97 0.0001
9 18 37 0.0001
9 19 83 0.0001
10 1 81 0.0001
10 2 88 0.0001
10 3 73 0.0001
10 4 1 0.0001
10 5 63 0.0001
10 6 12 0.0001
10 7 75 0.0001
10 8 49 0.0001
10 9 55 0.0001
10 10 58 0.0001
10 11 73 0.0001
10 12 47 0.0001
10 13 55 0.0001
10 14 45 0.0001
10 15 49 0.0001
10 16 41 0.0001
10 17 22 0.0001
10 18 28 0.0001
10 19 31 0.0001
11 1 32 0.0001
11 2 40 0.0001
11 3 20 0.0001
11 4 82 0.0001
11 5 91 0.0001
11 6 79 0.0001
11 7 37 0.0001
11 8 83 0.0001
11 9 56 0.0001
11 10 32 0.0001
11 11 97 0.0001
11 12 17 0.0001
11 13 20 0.0001
11 14 99 0.0001
11 15 93 0.0001
11 16 95 0.0001
11 17 95 0.0001
11 18 96 0.0001
11 19 86 0.0001
12 1 93 0.0001
12 2 55 0.0001
12 3 47 0.0001
12 4 57 0.0001
12 5 26 0.0001
12 6 75 0.0001
12 7 61 0.0001
12 8 71 0.0001
12 9 54 0.0001
12 10 8 0.0001
12 11 21 0.0001
12 12 3 0.0001
12 13 5 0.0001
12 14 75 0.0001
12 15 48 0.0001
12 16 66 0.0001
12 17 50 0.0001
12 18 5 0.0001
12 19 14 0.0001
13 1 52 0.0001
13 2 70 0.0001
13 3 57 0.0001
13 4 58 0.0001
13 5 3 0.0001
13 6 58 0.0001
13 7 5 0.0001
13 8 5 0.0001
13 9 14 0.0001
13 10 1 0.0001
13 11 98 0.0001
13 12 82 0.0001
13 13 77 0.0001
13 14 63 0.0001
13 15 17 0.0001
13 16 7 0.0001
13 17 79 0.0001
13 18 3 0.0001
13 19 93 0.0001
14 1 70 0.0001
14 2 93 0.0001
14 3 5 0.0001
14 4 23 0.0001
14 5 3 0.0001
14 6 33 0.0001
14 7 29 0.0001
14 8 10 0.0001
14 9 91 0.0001
14 10 42 0.0001
14 11 15 0.0001
14 12 65 0.0001
14 13 18 0.0001
14 14 69 0.0001
14 15 80 0.0001
14 16 17 0.0001
14 17 98 0.0001
14 18 91 0.0001
14 19 38 0.0001
15 1 100 0.0001
15 2 88 0.0001
15 3 23 0.0001
15 4 51 0.0001
15 5 47 0.0001
15 6 4 0.0001
15 7 54 0.0001
15 8 30 0.0001
15 9 45 0.0001
15 10 9 0.0001
15 11 45 0.0001
15 12 47 0.0001
15 13 96 0.0001
15 14 35 0.0001
15 15 7 0.0001
15 16 3 0.0001
15 17 42 0.0001
15 18 87 0.0001
15 19 100 0.0001
16 1 48 0.0001
16 2 38 0.0001
16 3 61 0.0001
16 4 68 0.0001
16 5 6 0.0001
16 6 54 0.0001
16 7 40 0.0001
16 8 18 0.0001
16 9 98 0.0001
16 10 28 0.0001
16 11 4 0.0001
16 12 66 0.0001
16 13 100 0.0001
16 14 6 0.0001
16 15 32 0.0001
16 16 26 0.0001
16 17 13 0.0001
16 18 60 0.0001
16 19 40 0.0001
17 1 6 0.0001
17 2 29 0.0001
17 3 87 0.0001
17 4 59 0.0001
17 5 87 0.0001
17 6 64 0.0001
17 7 68 0.0001
17 8 14 0.0001
17 9 43 0.0001
17 10 74 0.0001
17 11 78 0.0001
17 12 26 0.0001
17 13 88 0.0001
17 14 85 0.0001
17 15 74 0.0001
17 16 48 0.0001
17 17 92 0.0001
17 18 89 0.0001
17 19 18 0.0001
18 1 5 0.0001
18 2 28 0.0001
18 3 96 0.0001
18 4 73 0.0001
18 5 92 0.0001
18 6 92 0.0001
18 7 58 0.0001
18 8 46 0.0001
18 9 67 0.0001
18 10 33 0.0001
18 11 89 0.0001
18 12 80 0.0001
18 13 33 0.0001
18 14 57 0.0001
18 15 77 0.0001
18 16 51 0.0001
18 17 14 0.0001
18 18 20 0.0001
18 19 64 0.0001
19 1 47 0.0001
19 2 59 0.0001
19 3 68 0.0001
19 4 49 0.0001
19 5 45 0.0001
19 6 60 0.0001
19 7 96 0.0001
19 8 39 0.0001
19 9 93 0.0001
19 10 73 0.0001
19 11 95 0.0001
19 12 23 0.0001
19 13 46 0.0001
19 14 26 0.0001
19 15 53 0.0001
19 16 28 0.0001
19 17 35 0.0001
19 18 80 0.0001
19 19 92 0.0001
20 1 1 0.0001
20 2 55 0.0001
20 3 57 0.0001
20 4 90 0.0001
20 5 35 0.0001
20 6 87 0.0001
20 7 98 0.0001
20 8 30 0.0001
20 9 2 0.0001
20 10 20 0.0001
20 11 76 0.0001
20 12 70 0.0001
20 13 41 0.0001
20 14 8 0.0001
20 15 29 0.0001
20 16 8 0.0001
20 17 22 0.0001
20 18 44 0.0001
20 19 30 0.0001
21 1 5 0.0001
21 2 93 0.0001
21 3 60 0.0001
21 4 42 0.0001
21 5 35 0.0001
21 6 99 0.0001
21 7 91 0.0001
21 8 86 0.0001
21 9 55 0.0001
21 10 14 0.0001
21 11 12 0.0001
21 12 49 0.0001
21 13 94 0.0001
21 14 57 0.0001
21 15 29 0.0001
21 16 3 0.0001
21 17 38 0.0001
21 18 45 0.0001
21 19 26 0.0001
22 1 84 0.0001
22 2 86 0.0001
22 3 58 0.0001
22 4 95 0.0001
22 5 34 0.0001
22 6 28 0.0001
22 7 18 0.0001
22 8 80 0.0001
22 9 45 0.0001
22 10 85 0.0001
22 11 27 0.0001
22 12 35 0.0001
22 13 21 0.0001
22 14 18 0.0001
22 15 56 0.0001
22 16 89 0.0001
22 17 93 0.0001
22 18 74 0.0001
22 19 16 0.0001
23 1 77 0.0001
23 2 47 0.0001
23 3 91 0.0001
23 4 29 0.0001
23 5 34 0.0001
23 6 46 0.0001
23 7 20 0.0001
23 8 79 0.0001
23 9 94 0.0001
23 10 29 0.0001
23 11 13 0.0001
23 12 70 0.0001
23 13 71 0.0001
23 14 21 0.0001
23 15 82 0.0001
23 16 69 0.0001
23 17 95 0.0001
23 18 53 0.0001
23 19 39 0.0001
24 1 31 0.0001
24 2 74 0.0001
24 3 10 0.0001
24 4 15 0.0001
24 5 54 0.0001
24 6 7 0.0001
24 7 49 0.0001
24 8 37 0.0001
24 9 100 0.0001
24 10 84 0.0001
24 11 79 0.0001
24 12 31 0.0001
24 13 97 0.0001
24 14 19 0.0001
24 15 44 0.0001
24 16 14 0.0001
24 17 38 0.0001
24 18 44 0.0001
24 19 69 0.0001
25 1 55 0.0001
25 2 82 0.0001
25 3 82 0.0001
25 4 37 0.0001
25 5 80 0.0001
25 6 2 0.0001
25 7 81 0.0001
25 8 15 0.0001
25 9 88 0.0001
25 10 25 0.0001
25 11 30 0.0001
25 12 86 0.0001
25 13 72 0.0001
25 14 87 0.0001
25 15 31 0.0001
25 16 83 0.0001
25 17 69 0.0001
25 18 13 0.0001
25 19 3 0.0001
26 1 37 0.0001
26 2 54 0.0001
26 3 12 0.0001
26 4 76 0.0001
26 5 92 0.0001
26 6 21 0.0001
26 7 68 0.0001
26 8 35 0.0001
26 9 77 0.0001
26 10 17 0.0001
26 11 69 0.0001
26 12 10 0.0001
26 13 86 0.0001
26 14 81 0.0001
26 15 41 0.0001
26 16 86 0.0001
26 17 28 0.0001
26 18 23 0.0001
26 19 58 0.0001
27 1 51 0.0001
27 2 93 0.0001
27 3 12 0.0001
27 4 29 0.0001
27 5 92 0.0001
27 6 19 0.0001
27 7 17 0.0001
27 8 67 0.0001
27 9 76 0.0001
27 10 53 0.0001
27 11 58 0.0001
27 12 27 0.0001
27 13 22 0.0001
27 14 57 0.0001
27 15 75 0.0001
27 16 65 0.0001
27 17 50 0.0001
27 18 75 0.0001
27 19 46 0.0001
28 1 60 0.0001
28 2 90 0.0001
28 3 2 0.0001
28 4 11 0.0001
28 5 52 0.0001
28 6 66 0.0001
28 7 8 0.0001
28 8 62 0.0001
28 9 55 0.0001
28 10 42 0.0001
28 11 44 0.0001
28 12 78 0.0001
28 13 94 0.0001
28 14 31 0.0001
28 15 53 0.0001
28 16 9 0.0001
28 17 85 0.0001
28 18 95 0.0001
28 19 32 0.0001
29 1 44 0.0001
29 2 78 0.0001
29 3 53 0.0001
29 4 5 0.0001
29 5 91 0.0001
29 6 47 0.0001
29 7 66 0.0001
29 8 78 0.0001
29 9 27 0.0001
29 10 15 0.0001
29 11 30 0.0001
29 12 15 0.0001
29 13 63 0.0001
29 14 43 0.0001
29 15 54 0.0001
29 16 38 0.0001
29 17 17 0.0001
29 18 5 0.0001
29 19 77 0.0001
30 1 6 0.0001
30 2 77 0.0001
30 3 41 0.0001
30 4 12 0.0001
30 5 89 0.0001
30 6 13 0.0001
30 7 80 0.0001
30 8 32 0.0001
30 9 55 0.0001
30 10 40 0.0001
30 11 24 0.0001
30 12 45 0.0001
30 13 46 0.0001
30 14 8 0.0001
30 15 2 0.0001
30 16 64 0.0001
30 17 40 0.0001
30 18 28 0.0001
30 19 16 0.0001
31 1 30 0.0001
31 2 80 0.0001
31 3 11 0.0001
31 4 79 0.0001
31 5 15 0.0001
31 6 93 0.0001
31 7 98 0.0001
31 8 29 0.0001
31 9 31 0.0001
31 10 64 0.0001
31 11 14 0.0001
31 12 12 0.0001
31 13 100 0.0001
31 14 100 0.0001
31 15 39 0.0001
31 16 1 0.0001
31 17 17 0.0001
31 18 12 0.0001
31 19 2 0.0001
32 1 89 0.0001
32 2 66 0.0001
32 3 30 0.0001
32 4 68 0.0001
32 5 3 0.0001
32 6 46 0.0001
32 7 55 0.0001
32 8 2 0.0001
32 9 54 0.0001
32 10 100 0.0001
32 11 97 0.0001
32 12 99 0.0001
32 13 21 0.0001
32 14 55 0.0001
32 15 91 0.0001
32 16 12 0.0001
32 17 89 0.0001
32 18 96 0.0001
32 19 59 0.0001
33 1 21 0.0001
33 2 70 0.0001
33 3 93 0.0001
33 4 15 0.0001
33 5 82 0.0001
33 6 18 0.0001
33 7 39 0.0001
33 8 28 0.0001
33 9 44 0.0001
33 10 88 0.0001
33 11 74 0.0001
33 12 23 0.0001
33 13 6 0.0001
33 14 70 0.0001
33 15 100 0.0001
33 16 62 0.0001
33 17 62 0.0001
33 18 33 0.0001
33 19 59 0.0001
34 1 7 0.0001
34 2 15 0.0001
34 3 63 0.0001
34 4 66 0.0001
34 5 83 0.0001
34 6 97 0.0001
34 7 21 0.0001
34 8 7 0.0001
34 9 16 0.0001
34 10 98 0.0001
34 11 30 0.0001
34 12 52 0.0001
34 13 43 0.0001
34 14 52 0.0001
34 15 21 0.0001
34 16 92 0.0001
34 17 71 0.0001
34 18 98 0.0001
34 19 54 0.0001
35 1 13 0.0001
35 2 71 0.0001
35 3 19 0.0001
35 4 86 0.0001
35 5 84 0.0001
35 6 87 0.0001
35 7 60 0.0001
35 8 49 0.0001
35 9 32 0.0001
35 10 58 0.0001
35 11 39 0.0001
35 12 11 0.0001
35 13 73 0.0001
35 14 16 0.0001
35 15 60 0.0001
35 16 20 0.0001
35 17 27 0.0001
35 18 53 0.0001
35 19 85 0.0001
36 1 18 0.0001
36 2 70 0.0001
36 3 16 0.0001
36 4 27 0.0001
36 5 20 0.0001
36 6 77 0.0001
36 7 69 0.0001
36 8 15 0.0001
36 9 25 0.0001
36 10 92 0.0001
36 11 84 0.0001
36 12 69 0.0001
36 13 15 0.0001
36 14 84 0.0001
36 15 77 0.0001
36 16 48 0.0001
36 17 55 0.0001
36 18 75 0.0001
36 19 42 0.0001
37 1 65 0.0001
37 2 40 0.0001
37 3 57 0.0001
37 4 86 0.0001
37 5 24 0.0001
37 6 36 0.0001
37 7 91 0.0001
37 8 55 0.0001
37 9 66 0.0001
37 10 2 0.0001
37 11 66 0.0001
37 12 65 0.0001
37 13 99 0.0001
37 14 72 0.0001
37 15 40 0.0001
37 16 11 0.0001
37 17 95 0.0001
37 18 70 0.0001
37 19 3 0.0001
38 1 98 0.0001
38 2 63 0.0001
38 3 45 0.0001
38 4 42 0.0001
38 5 22 0.0001
38 6 98 0.0001
38 7 65 0.0001
38 8 80 0.0001
38 9 72 0.0001
38 10 24 0.0001
38 11 47 0.0001
38 12 96 0.0001
38 13 92 0.0001
38 14 64 0.0001
38 15 14 0.0001
38 16 17 0.0001
38 17 12 0.0001
38 18 42 0.0001
38 19 48 0.0001
39 1 12 0.0001
39 2 59 0.0001
39 3 42 0.0001
39 4 94 0.0001
39 5 27 0.0001
39 6 61 0.0001
39 7 67 0.0001
39 8 94 0.0001
39 9 76 0.0001
39 10 39 0.0001
39 11 66 0.0001
39 12 72 0.0001
39 13 56 0.0001
39 14 35 0.0001
39 15 2 0.0001
39 16 95 0.0001
39 17 83 0.0001
39 18 91 0.0001
39 19 62 0.0001
40 1 65 0.0001
40 2 46 0.0001
40 3 60 0.0001
40 4 87 0.0001
40 5 57 0.0001
40 6 72 0.0001
40 7 6 0.0001
40 8 77 0.0001
40 9 38 0.0001
40 10 14 0.0001
40 11 86 0.0001
40 12 27 0.0001
40 13 82 0.0001
40 14 50 0.0001
40 15 31 0.0001
40 16 1 0.0001
40 17 92 0.0001
40 18 41 0.0001
40 19 4 0.0001
41 1 21 0.0001
41 2 95 0.0001
41 3 9 0.0001
41 4 8 0.0001
41 5 100 0.0001
41 6 88 0.0001
41 7 19 0.0001
41 8 30 0.0001
41 9 18 0.0001
41 10 99 0.0001
41 11 88 0.0001
41 12 40 0.0001
41 13 74 0.0001
41 14 58 0.0001
41 15 98 0.0001
41 16 29 0.0001
41 17 51 0.0001
41 18 86 0.0001
41 19 35 0.0001
42 1 46 0.0001
42 2 72 0.0001
42 3 27 0.0001
42 4 21 0.0001
42 5 44 0.0001
42 6 34 0.0001
42 7 85 0.0001
42 8 30 0.0001
42 9 82 0.0001
42 10 84 0.0001
42 11 75 0.0001
42 12 25 0.0001
42 13 37 0.0001
42 14 95 0.0001
42 15 95 0.0001
42 16 78 0.0001
42 17 86 0.0001
42 18 99 0.0001
42 19 18 0.0001
43 1 41 0.0001
43 2 40 0.0001
43 3 11 0.0001
43 4 51 0.0001
43 5 22 0.0001
43 6 23 0.0001
43 7 4 0.0001
43 8 29 0.0001
43 9 30 0.0001
43 10 71 0.0001
43 11 60 0.0001
43 12 78 0.0001
43 13 51 0.0001
43 14 67 0.0001
43 15 11 0.0001
43 16 74 0.0001
43 17 78 0.0001
43 18 62 0.0001
43 19 50 0.0001
44 1 4 0.0001
44 2 26 0.0001
44 3 66 0.0001
44 4 30 0.0001
44 5 100 0.0001
44 6 94 0.0001
44 7 31 0.0001
44 8 27 0.0001
44 9 61 0.0001
44 10 88 0.0001
44 11 5 0.0001
44 12 77 0.0001
44 13 37 0.0001
44 14 25 0.0001
44 15 95 0.0001
44 16 44 0.0001
44 17 57 0.0001
44 18 28 0.0001
44 19 83 0.0001
45 1 89 0.0001
45 2 40 0.0001
45 3 84 0.0001
45 4 99 0.0001
45 5 95 0.0001
45 6 93 0.0001
45 7 91 0.0001
45 8 13 0.0001
45 9 7 0.0001
45 10 42 0.0001
45 11 3 0.0001
45 12 63 0.0001
45 13 3 0.0001
45 14 24 0.0001
45 15 80 0.0001
45 16 14 0.0001
45 17 79 0.0001
45 18 76 0.0001
45 19 53 0.0001
46 1 29 0.0001
46 2 24 0.0001
46 3 34 0.0001
46 4 34 0.0001
46 5 98 0.0001
46 6 69 0.0001
46 7 96 0.0001
46 8 29 0.0001
46 9 20 0.0001
46 10 38 0.0001
46 11 29 0.0001
46 12 94 0.0001
46 13 76 0.0001
46 14 48 0.0001
46 15 21 0.0001
46 16 17 0.0001
46 17 18 0.0001
46 18 64 0.0001
46 19 91 0.0001
47 1 7 0.0001
47 2 59 0.0001
47 3 43 0.0001
47 4 90 0.0001
47 5 71 0.0001
47 6 5 0.0001
47 7 13 0.0001
47 8 88 0.0001
47 9 31 0.0001
47 10 40 0.0001
47 11 94 0.0001
47 12 15 0.0001
47 13 74 0.0001
47 14 33 0.0001
47 15 62 0.0001
47 16 33 0.0001
47 17 91 0.0001
47 18 92 0.0001
47 19 80 0.0001
48 1 89 0.0001
48 2 91 0.0001
48 3 78 0.0001
48 4 92 0.0001
48 5 57 0.0001
48 6 17 0.0001
48 7 41 0.0001
48 8 40 0.0001
48 9 96 0.0001
48 10 88 0.0001
48 11 75 0.0001
48 12 72 0.0001
48 13 44 0.0001
48 14 24 0.0001
48 15 51 0.0001
48 16 90 0.0001
48 17 13 0.0001
48 18 27 0.0001
48 19 13 0.0001
49 1 43 0.0001
49 2 60 0.0001
49 3 58 0.0001
49 4 54 0.0001
49 5 86 0.0001
49 6 80 0.0001
49 7 43 0.0001
49 8 2 0.0001
49 9 3 0.0001
49 10 13 0.0001
49 11 38 0.0001
49 12 91 0.0001
49 13 9 0.0001
49 14 10 0.0001
49 15 61 0.0001
49 16 44 0.0001
49 17 82 0.0001
49 18 50 0.0001
49 19 72 0.0001
50 1 75 0.0001
50 2 14 0.0001
50 3 70 0.0001
50 4 37 0.0001
50 5 5 0.0001
50 6 30 0.0001
50 7 26 0.0001
50 8 38 0.0001
50 9 20 0.0001
50 10 20 0.0001
50 11 82 0.0001
50 12 58 0.0001
50 13 30 0.0001
50 14 75 0.0001
50 15 59 0.0001
50 16 77 0.0001
50 17 78 0.0001
50 18 1 0.0001
50 19 92 0.0001
51 1 26 0.0001
51 2 4 0.0001
51 3 38 0.0001
51 4 6 0.0001
51 5 60 0.0001
51 6 92 0.0001
51 7 69 0.0001
51 8 73 0.0001
51 9 40 0.0001
51 10 80 0.0001
51 11 22 0.0001
51 12 67 0.0001
51 13 11 0.0001
51 14 69 0.0001
51 15 40 0.0001
51 16 40 0.0001
51 17 68 0.0001
51 18 92 0.0001
51 19 50 0.0001
52 1 43 0.0001
52 2 84 0.0001
52 3 36 0.0001
52 4 12 0.0001
52 5 54 0.0001
52 6 69 0.0001
52 7 57 0.0001
52 8 39 0.0001
52 9 6 0.0001
52 10 57 0.0001
52 11 78 0.0001
52 12 90 0.0001
52 13 94 0.0001
52 14 63 0.0001
52 15 76 0.0001
52 16 17 0.0001
52 17 43 0.0001
52 18 70 0.0001
52 19 41 0.0001
53 1 41 0.0001
53 2 41 0.0001
53 3 58 0.0001
53 4 4 0.0001
53 5 39 0.0001
53 6 57 0.0001
53 7 65 0.0001
53 8 12 0.0001
53 9 29 0.0001
53 10 29 0.0001
53 11 47 0.0001
53 12 8 0.0001
53 13 18 0.0001
53 14 28 0.0001
53 15 30 0.0001
53 16 31 0.0001
53 17 63 0.0001
53 18 17 0.0001
53 19 76 0.0001
54 1 48 0.0001
54 2 88 0.0001
54 3 45 0.0001
54 4 69 0.0001
54 5 24 0.0001
54 6 100 0.0001
54 7 84 0.0001
54 8 43 0.0001
54 9 45 0.0001
54 10 18 0.0001
54 11 94 0.0001
54 12 52 0.0001
54 13 51 0.0001
54 14 56 0.0001
54 15 37 0.0001
54 16 35 0.0001
54 17 21 0.0001
54 18 70 0.0001
54 19 26 0.0001
55 1 9 0.0001
55 2 31 0.0001
55 3 19 0.0001
55 4 82 0.0001
55 5 33 0.0001
55 6 73 0.0001
55 7 80 0.0001
55 8 52 0.0001
55 9 72 0.0001
55 10 93 0.0001
55 11 98 0.0001
55 12 74 0.0001
55 13 79 0.0001
55 14 57 0.0001
55 15 7 0.0001
55 16 43 0.0001
55 17 9 0.0001
55 18 25 0.0001
55 19 28 0.0001
56 1 59 0.0001
56 2 29 0.0001
56 3 75 0.0001
56 4 83 0.0001
56 5 11 0.0001
56 6 80 0.0001
56 7 15 0.0001
56 8 76 0.0001
56 9 15 0.0001
56 10 77 0.0001
56 11 26 0.0001
56 12 45 0.0001
56 13 58 0.0001
56 14 44 0.0001
56 15 80 0.0001
56 16 62 0.0001
56 17 40 0.0001
56 18 35 0.0001
56 19 78 0.0001
57 1 34 0.0001
57 2 81 0.0001
57 3 31 0.0001
57 4 98 0.0001
57 5 54 0.0001
57 6 46 0.0001
57 7 29 0.0001
57 8 48 0.0001
57 9 83 0.0001
57 10 25 0.0001
57 11 37 0.0001
57 12 55 0.0001
57 13 61 0.0001
57 14 8 0.0001
57 15 46 0.0001
57 16 49 0.0001
57 17 96 0.0001
57 18 45 0.0001
57 19 43 0.0001
58 1 67 0.0001
58 2 75 0.0001
58 3 6 0.0001
58 4 2 0.0001
58 5 58 0.0001
58 6 93 0.0001
58 7 25 0.0001
58 8 78 0.0001
58 9 85 0.0001
58 10 20 0.0001
58 11 99 0.0001
58 12 45 0.0001
58 13 16 0.0001
58 14 81 0.0001
58 15 64 0.0001
58 16 80 0.0001
58 17 94 0.0001
58 18 25 0.0001
58 19 62 0.0001
59 1 69 0.0001
59 2 100 0.0001
59 3 47 0.0001
59 4 13 0.0001
59 5 46 0.0001
59 6 36 0.0001
59 7 23 0.0001
59 8 97 0.0001
59 9 22 0.0001
59 10 15 0.0001
59 11 92 0.0001
59 12 28 0.0001
59 13 28 0.0001
59 14 13 0.0001
59 15 89 0.0001
59 16 10 0.0001
59 17 72 0.0001
59 18 17 0.0001
59 19 76 0.0001
60 1 18 0.0001
60 2 86 0.0001
60 3 10 0.0001
60 4 48 0.0001
60 5 3 0.0001
60 6 96 0.0001
60 7 11 0.0001
60 8 85 0.0001
60 9 70 0.0001
60 10 74 0.0001
60 11 91 0.0001
60 12 80 0.0001
60 13 53 0.0001
60 14 98 0.0001
60 15 39 0.0001
60 16 64 0.0001
60 17 91 0.0001
60 18 10 0.0001
60 19 60 0.0001
61 1 16 0.0001
61 2 20 0.0001
61 3 28 0.0001
61 4 50 0.0001
61 5 83 0.0001
61 6 79 0.0001
61 7 97 0.0001
61 8 37 0.0001
61 9 48 0.0001
61 10 93 0.0001
61 11 38 0.0001
61 12 71 0.0001
61 13 10 0.0001
61 14 90 0.0001
61 15 46 0.0001
61 16 96 0.0001
61 17 29 0.0001
61 18 86 0.0001
61 19 49 0.0001
62 1 8 0.0001
62 2 88 0.0001
62 3 65 0.0001
62 4 53 0.0001
62 5 12 0.0001
62 6 45 0.0001
62 7 97 0.0001
62 8 44 0.0001
62 9 21 0.0001
62 10 64 0.0001
62 11 8 0.0001
62 12 56 0.0001
62 13 74 0.0001
62 14 69 0.0001
62 15 72 0.0001
62 16 64 0.0001
62 17 34 0.0001
62 18 17 0.0001
62 19 52 0.0001
63 1 18 0.0001
63 2 1 0.0001
63 3 23 0.0001
63 4 4 0.0001
63 5 28 0.0001
63 6 63 0.0001
63 7 7 0.0001
63 8 11 0.0001
63 9 78 0.0001
63 10 53 0.0001
63 11 61 0.0001
63 12 67 0.0001
63 13 87 0.0001
63 14 3 0.0001
63 15 71 0.0001
63 16 42 0.0001
63 17 2 0.0001
63 18 79 0.0001
63 19 5 0.0001
64 1 1 0.0001
64 2 32 0.0001
64 3 52 0.0001
64 4 8 0.0001
64 5 18 0.0001
64 6 90 0.0001
64 7 4 0.0001
64 8 60 0.0001
64 9 97 0.0001
64 10 58 0.0001
64 11 76 0.0001
64 12 17 0.0001
64 13 100 0.0001
64 14 56 0.0001
64 15 94 0.0001
64 16 53 0.0001
64 17 87 0.0001
64 18 2 0.0001
64 19 40 0.0001
65 1 17 0.0001
65 2 46 0.0001
65 3 85 0.0001
65 4 17 0.0001
65 5 40 0.0001
65 6 26 0.0001
65 7 6 0.0001
65 8 64 0.0001
65 9 16 0.0001
65 10 5 0.0001
65 11 83 0.0001
65 12 7 0.0001
65 13 44 0.0001
65 14 32 0.0001
65 15 42 0.0001
65 16 21 0.0001
65 17 84 0.0001
65 18 45 0.0001
65 19 57 0.0001
66 1 96 0.0001
66 2 29 0.0001
66 3 69 0.0001
66 4 42 0.0001
66 5 45 0.0001
66 6 100 0.0001
66 7 54 0.0001
66 8 88 0.0001
66 9 76 0.0001
66 10 34 0.0001
66 11 74 0.0001
66 12 67 0.0001
66 13 45 0.0001
66 14 45 0.0001
66 15 82 0.0001
66 16 48 0.0001
66 17 5 0.0001
66 18 78 0.0001
66 19 48 0.0001
67 1 89 0.0001
67 2 43 0.0001
67 3 3 0.0001
67 4 46 0.0001
67 5 93 0.0001
67 6 80 0.0001
67 7 25 0.0001
67 8 61 0.0001
67 9 74 0.0001
67 10 95 0.0001
67 11 26 0.0001
67 12 90 0.0001
67 13 33 0.0001
67 14 13 0.0001
67 15 85 0.0001
67 16 74 0.0001
67 17 72 0.0001
67 18 99 0.0001
67 19 98 0.0001
68 1 48 0.0001
68 2 39 0.0001
68 3 43 0.0001
68 4 53 0.0001
68 5 3 0.0001
68 6 34 0.0001
68 7 54 0.0001
68 8 3 0.0001
68 9 61 0.0001
68 10 64 0.0001
68 11 76 0.0001
68 12 39 0.0001
68 13 71 0.0001
68 14 93 0.0001
68 15 81 0.0001
68 16 2 0.0001
68 17 72 0.0001
68 18 12 0.0001
68 19 86 0.0001
69 1 52 0.0001
69 2 16 0.0001
69 3 93 0.0001
69 4 48 0.0001
69 5 42 0.0001
69 6 94 0.0001
69 7 97 0.0001
69 8 8 0.0001
69 9 5 0.0001
69 10 10 0.0001
69 11 55 0.0001
69 12 72 0.0001
69 13 16 0.0001
69 14 77 0.0001
69 15 76 0.0001
69 16 75 0.0001
69 17 50 0.0001
69 18 24 0.0001
69 19 37 0.0001
70 1 96 0.0001
70 2 18 0.0001
70 3 56 0.0001
70 4 66 0.0001
70 5 27 0.0001
70 6 58 0.0001
70 7 79 0.0001
70 8 16 0.0001
70 9 73 0.0001
70 10 2 0.0001
70 11 82 0.0001
70 12 88 0.0001
70 13 97 0.0001
70 14 17 0.0001
70 15 77 0.0001
70 16 84 0.0001
70 17 50 0.0001
70 18 73 0.0001
70 19 96 0.0001
71 1 68 0.0001
71 2 77 0.0001
71 3 66 0.0001
71 4 28 0.0001
71 5 10 0.0001
71 6 32 0.0001
71 7 94 0.0001
71 8 25 0.0001
71 9 4 0.0001
71 10 76 0.0001
71 11 71 0.0001
71 12 81 0.0001
71 13 2 0.0001
71 14 35 0.0001
71 15 81 0.0001
71 16 73 0.0001
71 17 87 0.0001
71 18 92 0.0001
71 19 2 0.0001
72 1 82 0.0001
72 2 88 0.0001
72 3 84 0.0001
72 4 71 0.0001
72 5 68 0.0001
72 6 27 0.0001
72 7 51 0.0001
72 8 98 0.0001
72 9 47 0.0001
72 10 46 0.0001
72 11 15 0.0001
72 12 97 0.0001
72 13 17 0.0001
72 14 3 0.0001
72 15 13 0.0001
72 16 30 0.0001
72 17 61 0.0001
72 18 79 0.0001
72 19 71 0.0001
73 1 14 0.0001
73 2 46 0.0001
73 3 70 0.0001
73 4 21 0.0001
73 5 81 0.0001
73 6 34 0.0001
73 7 5 0.0001
73 8 84 0.0001
73 9 40 0.0001
73 10 48 0.0001
73 11 88 0.0001
73 12 37 0.0001
73 13 82 0.0001
73 14 50 0.0001
73 15 40 0.0001
73 16 53 0.0001
73 17 19 0.0001
73 18 95 0.0001
73 19 3 0.0001
74 1 57 0.0001
74 2 46 0.0001
74 3 51 0.0001
74 4 70 0.0001
74 5 35 0.0001
74 6 18 0.0001
74 7 63 0.0001
74 8 77 0.0001
74 9 80 0.0001
74 10 3 0.0001
74 11 26 0.0001
74 12 81 0.0001
74 13 79 0.0001
74 14 93 0.0001
74 15 44 0.0001
74 16 1 0.0001
74 17 36 0.0001
74 18 39 0.0001
74 19 73 0.0001
75 1 32 0.0001
75 2 64 0.0001
75 3 47 0.0001
75 4 93 0.0001
75 5 88 0.0001
75 6 13 0.0001
75 7 10 0.0001
75 8 24 0.0001
75 9 42 0.0001
75 10 92 0.0001
75 11 99 0.0001
75 12 69 0.0001
75 13 33 0.0001
75 14 54 0.0001
75 15 48 0.0001
75 16 24 0.0001
75 17 78 0.0001
75 18 63 0.0001
75 19 61 0.0001
76 1 99 0.0001
76 2 75 0.0001
76 3 7 0.0001
76 4 52 0.0001
76 5 33 0.0001
76 6 56 0.0001
76 7 75 0.0001
76 8 15 0.0001
76 9 55 0.0001
76 10 26 0.0001
76 11 18 0.0001
76 12 39 0.0001
76 13 81 0.0001
76 14 54 0.0001
76 15 94 0.0001
76 16 65 0.0001
76 17 96 0.0001
76 18 47 0.0001
76 19 97 0.0001
77 1 97 0.0001
77 2 31 0.0001
77 3 33 0.0001
77 4 51 0.0001
77 5 84 0.0001
77 6 63 0.0001
77 7 72 0.0001
77 8 79 0.0001
77 9 63 0.0001
77 10 40 0.0001
77 11 52 0.0001
77 12 65 0.0001
77 13 18 0.0001
77 14 97 0.0001
77 15 7 0.0001
77 16 1 0.0001
77 17 11 0.0001
77 18 9 0.0001
77 19 29 0.0001
78 1 9 0.0001
78 2 75 0.0001
78 3 3 0.0001
78 4 39 0.0001
78 5 21 0.0001
78 6 58 0.0001
78 7 61 0.0001
78 8 25 0.0001
78 9 89 0.0001
78 10 16 0.0001
78 11 82 0.0001
78 12 65 0.0001
78 13 38 0.0001
78 14 47 0.0001
78 15 34 0.0001
78 16 28 0.0001
78 17 74 0.0001
78 18 32 0.0001
78 19 20 0.0001
79 1 31 0.0001
79 2 68 0.0001
79 3 47 0.0001
79 4 23 0.0001
79 5 16 0.0001
79 6 40 0.0001
79 7 36 0.0001
79 8 50 0.0001
79 9 59 0.0001
79 10 32 0.0001
79 11 51 0.0001
79 12 39 0.0001
79 13 60 0.0001
79 14 62 0.0001
79 15 97 0.0001
79 16 97 0.0001
79 17 59 0.0001
79 18 70 0.0001
79 19 39 0.0001
80 1 29 0.0001
80 2 21 0.0001
80 3 51 0.0001
80 4 47 0.0001
80 5 51 0.0001
80 6 67 0.0001
80 7 65 0.0001
80 8 84 0.0001
80 9 22 0.0001
80 10 82 0.0001
80 11 16 0.0001
80 12 63 0.0001
80 13 81 0.0001
80 14 71 0.0001
80 15 66 0.0001
80 16 1 0.0001
80 17 6 0.0001
80 18 91 0.0001
80 19 70 0.0001
81 1 37 0.0001
81 2 72 0.0001
81 3 59 0.0001
81 4 43 0.0001
81 5 8 0.0001
81 6 30 0.0001
81 7 51 0.0001
81 8 33 0.0001
81 9 35 0.0001
81 10 85 0.0001
81 11 51 0.0001
81 12 61 0.0001
81 13 19 0.0001
81 14 17 0.0001
81 15 52 0.0001
81 16 70 0.0001
81 17 61 0.0001
81 18 64 0.0001
81 19 39 0.0001
82 1 58 0.0001
82 2 57 0.0001
82 3 67 0.0001
82 4 31 0.0001
82 5 85 0.0001
82 6 54 0.0001
82 7 20 0.0001
82 8 69 0.0001
82 9 56 0.0001
82 10 77 0.0001
82 11 7 0.0001
82 12 45 0.0001
82 13 98 0.0001
82 14 19 0.0001
82 15 92 0.0001
82 16 29 0.0001
82 17 10 0.0001
82 18 80 0.0001
82 19 93 0.0001
83 1 89 0.0001
83 2 100 0.0001
83 3 74 0.0001
83 4 82 0.0001
83 5 74 0.0001
83 6 75 0.0001
83 7 43 0.0001
83 8 35 0.0001
83 9 10 0.0001
83 10 6 0.0001
83 11 23 0.0001
83 12 32 0.0001
83 13 35 0.0001
83 14 9 0.0001
83 15 93 0.0001
83 16 93 0.0001
83 17 49 0.0001
83 18 38 0.0001
83 19 10 0.0001
84 1 79 0.0001
84 2 64 0.0001
84 3 24 0.0001
84 4 79 0.0001
84 5 70 0.0001
84 6 80 0.0001
84 7 20 0.0001
84 8 57 0.0001
84 9 71 0.0001
84 10 90 0.0001
84 11 37 0.0001
84 12 99 0.0001
84 13 4 0.0001
84 14 71 0.0001
84 15 49 0.0001
84 16 39 0.0001
84 17 39 0.0001
84 18 11 0.0001
84 19 20 0.0001
85 1 90 0.0001
85 2 77 0.0001
85 3 63 0.0001
85 4 20 0.0001
85 5 89 0.0001
85 6 2 0.0001
85 7 52 0.0001
85 8 37 0.0001
85 9 61 0.0001
85 10 96 0.0001
85 11 49 0.0001
85 12 26 0.0001
85 13 91 0.0001
85 14 48 0.0001
85 15 13 0.0001
85 16 89 0.0001
85 17 22 0.0001
85 18 64 0.0001
85 19 95 0.0001
86 1 20 0.0001
86 2 3 0.0001
86 3 16 0.0001
86 4 37 0.0001
86 5 54 0.0001
86 6 31 0.0001
86 7 95 0.0001
86 8 91 0.0001
86 9 15 0.0001
86 10 49 0.0001
86 11 27 0.0001
86 12 94 0.0001
86 13 68 0.0001
86 14 69 0.0001
86 15 81 0.0001
86 16 14 0.0001
86 17 11 0.0001
86 18 91 0.0001
86 19 1 0.0001
87 1 1 0.0001
87 2 53 0.0001
87 3 89 0.0001
87 4 2 0.0001
87 5 45 0.0001
87 6 17 0.0001
87 7 46 0.0001
87 8 70 0.0001
87 9 24 0.0001
87 10 29 0.0001
87 11 27 0.0001
87 12 92 0.0001
87 13 48 0.0001
87 14 37 0.0001
87 15 13 0.0001
87 16 13 0.0001
87 17 73 0.0001
87 18 5 0.0001
87 19 1 0.0001
88 1 14 0.0001
88 2 16 0.0001
88 3 79 0.0001
88 4 34 0.0001
88 5 23 0.0001
88 6 29 0.0001
88 7 75 0.0001
88 8 23 0.0001
88 9 100 0.0001
88 10 81 0.0001
88 11 82 0.0001
88 12 51 0.0001
88 13 32 0.0001
88 14 40 0.0001
88 15 42 0.0001
88 16 83 0.0001
88 17 79 0.0001
88 18 52 0.0001
88 19 73 0.0001
89 1 74 0.0001
89 2 49 0.0001
89 3 62 0.0001
89 4 87 0.0001
89 5 52 0.0001
89 6 3 0.0001
89 7 12 0.0001
89 8 29 0.0001
89 9 83 0.0001
89 10 77 0.0001
89 11 2 0.0001
89 12 100 0.0001
89 13 87 0.0001
89 14 10 0.0001
89 15 14 0.0001
89 16 91 0.0001
89 17 82 0.0001
89 18 86 0.0001
89 19 64 0.0001
90 1 76 0.0001
90 2 81 0.0001
90 3 48 0.0001
90 4 69 0.0001
90 5 73 0.0001
90 6 84 0.0001
90 7 66 0.0001
90 8 55 0.0001
90 9 82 0.0001
90 10 75 0.0001
90 11 22 0.0001
90 12 89 0.0001
90 13 53 0.0001
90 14 89 0.0001
90 15 5 0.0001
90 16 87 0.0001
90 17 60 0.0001
90 18 64 0.0001
90 19 11 0.0001
91 1 94 0.0001
91 2 46 0.0001
91 3 7 0.0001
91 4 73 0.0001
91 5 7 0.0001
91 6 26 0.0001
91 7 99 0.0001
91 8 46 0.0001
91 9 94 0.0001
91 10 34 0.0001
91 11 71 0.0001
91 12 73 0.0001
91 13 96 0.0001
91 14 86 0.0001
91 15 26 0.0001
91 16 91 0.0001
91 17 29 0.0001
91 18 66 0.0001
91 19 88 0.0001
92 1 60 0.0001
92 2 81 0.0001
92 3 98 0.0001
92 4 31 0.0001
92 5 21 0.0001
92 6 93 0.0001
92 7 17 0.0001
92 8 37 0.0001
92 9 46 0.0001
92 10 50 0.0001
92 11 73 0.0001
92 12 68 0.0001
92 13 85 0.0001
92 14 85 0.0001
92 15 17 0.0001
92 16 88 0.0001
92 17 85 0.0001
92 18 79 0.0001
92 19 4 0.0001
93 1 41 0.0001
93 2 64 0.0001
93 3 54 0.0001
93 4 51 0.0001
93 5 8 0.0001
93 6 86 0.0001
93 7 24 0.0001
93 8 45 0.0001
93 9 69 0.0001
93 10 19 0.0001
93 11 57 0.0001
93 12 52 0.0001
93 13 1 0.0001
93 14 42 0.0001
93 15 88 0.0001
93 16 90 0.0001
93 17 30 0.0001
93 18 20 0.0001
93 19 22 0.0001
94 1 3 0.0001
94 2 43 0.0001
94 3 12 0.0001
94 4 7 0.0001
94 5 54 0.0001
94 6 99 0.0001
94 7 89 0.0001
94 8 58 0.0001
94 9 7 0.0001
94 10 93 0.0001
94 11 97 0.0001
94 12 40 0.0001
94 13 17 0.0001
94 14 78 0.0001
94 15 28 0.0001
94 16 84 0.0001
94 17 27 0.0001
94 18 2 0.0001
94 19 27 0.0001
95 1 38 0.0001
95 2 10 0.0001
95 3 30 0.0001
95 4 47 0.0001
95 5 36 0.0001
95 6 62 0.0001
95 7 66 0.0001
95 8 72 0.0001
95 9 12 0.0001
95 10 40 0.0001
95 11 100 0.0001
95 12 19 0.0001
95 13 69 0.0001
95 14 100 0.0001
95 15 34 0.0001
95 16 75 0.0001
95 17 39 0.0001
95 18 33 0.0001
95 19 4 0.0001
96 1 92 0.0001
96 2 29 0.0001
96 3 97 0.0001
96 4 12 0.0001
96 5 62 0.0001
96 6 23 0.0001
96 7 23 0.0001
96 8 48 0.0001
96 9 71 0.0001
96 10 24 0.0001
96 11 15 0.0001
96 12 53 0.0001
96 13 91 0.0001
96 14 24 0.0001
96 15 80 0.0001
96 16 45 0.0001
96 17 29 0.0001
96 18 93 0.0001
96 19 28 0.0001
97 1 8 0.0001
97 2 87 0.0001
97 3 21 0.0001
97 4 72 0.0001
97 5 59 0.0001
97 6 64 0.0001
97 7 19 0.0001
97 8 100 0.0001
97 9 54 0.0001
97 10 29 0.0001
97 11 84 0.0001
97 12 46 0.0001
97 13 11 0.0001
97 14 4 0.0001
97 15 83 0.0001
97 16 10 0.0001
97 17 75 0.0001
97 18 76 0.0001
97 19 94 0.0001
98 1 96 0.0001
98 2 99 0.0001
98 3 36 0.0001
98 4 28 0.0001
98 5 63 0.0001
98 6 6 0.0001
98 7 82 0.0001
98 8 60 0.0001
98 9 13 0.0001
98 10 95 0.0001
98 11 52 0.0001
98 12 69 0.0001
98 13 14 0.0001
98 14 93 0.0001
98 15 77 0.0001
98 16 17 0.0001
98 17 92 0.0001
98 18 87 0.0001
98 19 72 0.0001
99 1 16 0.0001
99 2 21 0.0001
99 3 44 0.0001
99 4 12 0.0001
99 5 87 0.0001
99 6 33 0.0001
99 7 85 0.0001
99 8 19 0.0001
99 9 94 0.0001
99 10 18 0.0001
99 11 64 0.0001
99 12 96 0.0001
99 13 67 0.0001
99 14 2 0.0001
99 15 16 0.0001
99 16 38 0.0001
99 17 19 0.0001
99 18 41 0.0001
99 19 97 0.0001
100 1 77 0.0001
100 2 1 0.0001
100 3 53 0.0001
100 4 32 0.0001
100 5 75 0.0001
100 6 36 0.0001
100 7 6 0.0001
100 8 62 0.0001
100 9 44 0.0001
100 10 62 0.0001
100 11 30 0.0001
100 12 83 0.0001
100 13 98 0.0001
100 14 9 0.0001
100 15 80 0.0001
100 16 9 0.0001
100 17 22 0.0001
100 18 63 0.0001
100 19 70 0.0001
